Top 20 Sort By Count
Count   Total      Mean    Stddev    Min  P50.0  P90.0  P95.0  P99.0    Max  2xx  3xx  4xx  5xx  Request
   14  26.819  1.915643  0.511488  0.090  2.057  2.150  2.200  2.200  2.200   13    0    1    0  GET / HTTP/1.1
    6   0.499  0.083167  0.058405  0.018  0.096  0.165  0.165  0.165  0.165    0    4    2    0  POST /keyword HTTP/1.1
    4   1.123  0.280750  0.004493  0.277  0.281  0.288  0.288  0.288  0.288    4    0    0    0  POST /stars HTTP/1.1
    2   0.486  0.243000  0.003000  0.240  0.246  0.246  0.246  0.246  0.246    2    0    0    0  GET /keyword/%E3%83%88%E3%83%9E%E3%83%88 HTTP/1.1
    1   0.000  0.000000  0.000000  0.000  0.000  0.000  0.000  0.000  0.000    1    0    0    0  GET /img/star.gif HTTP/1.1
    1   0.274  0.274000  0.000000  0.274  0.274  0.274  0.274  0.274  0.274    1    0    0    0  GET /keyword/ruby HTTP/1.1
    1   0.000  0.000000  0.000000  0.000  0.000  0.000  0.000  0.000  0.000    1    0    0    0  GET /css/bootstrap-responsive.min.css HTTP/1.1
    1   0.000  0.000000  0.000000  0.000  0.000  0.000  0.000  0.000  0.000    1    0    0    0  GET /css/main.css HTTP/1.1
    1   0.204  0.204000  0.000000  0.204  0.204  0.204  0.204  0.204  0.204    1    0    0    0  GET /keyword/%E5%B1%B1%E7%94%B0 HTTP/1.1
    1   0.003  0.003000  0.000000  0.003  0.003  0.003  0.003  0.003  0.003    0    1    0    0  POST /login HTTP/1.1
    1   0.002  0.002000  0.000000  0.002  0.002  0.002  0.002  0.002  0.002    1    0    0    0  GET /login HTTP/1.1
    1   0.179  0.179000  0.000000  0.179  0.179  0.179  0.179  0.179  0.179    1    0    0    0  GET /keyword/%E8%BF%91%E6%9D%BE%E9%96%80%E5%B7%A6%E8%A1%9B%E9%96%80 HTTP/1.1
    1   0.205  0.205000  0.000000  0.205  0.205  0.205  0.205  0.205  0.205    1    0    0    0  GET /keyword/redis HTTP/1.1
    1   0.180  0.180000  0.000000  0.180  0.180  0.180  0.180  0.180  0.180    1    0    0    0  GET /css/bootstrap.min.css HTTP/1.1
    1   0.190  0.190000  0.000000  0.190  0.190  0.190  0.190  0.190  0.190    1    0    0    0  GET /js/jquery.min.js HTTP/1.1
    1   0.000  0.000000  0.000000  0.000  0.000  0.000  0.000  0.000  0.000    1    0    0    0  GET /js/bootstrap.min.js HTTP/1.1
    1   0.000  0.000000  0.000000  0.000  0.000  0.000  0.000  0.000  0.000    1    0    0    0  GET /js/star.js HTTP/1.1

Top 20 Sort By Total
Count   Total      Mean    Stddev    Min  P50.0  P90.0  P95.0  P99.0    Max  2xx  3xx  4xx  5xx  Request
   14  26.819  1.915643  0.511488  0.090  2.057  2.150  2.200  2.200  2.200   13    0    1    0  GET / HTTP/1.1
    4   1.123  0.280750  0.004493  0.277  0.281  0.288  0.288  0.288  0.288    4    0    0    0  POST /stars HTTP/1.1
    6   0.499  0.083167  0.058405  0.018  0.096  0.165  0.165  0.165  0.165    0    4    2    0  POST /keyword HTTP/1.1
    2   0.486  0.243000  0.003000  0.240  0.246  0.246  0.246  0.246  0.246    2    0    0    0  GET /keyword/%E3%83%88%E3%83%9E%E3%83%88 HTTP/1.1
    1   0.274  0.274000  0.000000  0.274  0.274  0.274  0.274  0.274  0.274    1    0    0    0  GET /keyword/ruby HTTP/1.1
    1   0.205  0.205000  0.000000  0.205  0.205  0.205  0.205  0.205  0.205    1    0    0    0  GET /keyword/redis HTTP/1.1
    1   0.204  0.204000  0.000000  0.204  0.204  0.204  0.204  0.204  0.204    1    0    0    0  GET /keyword/%E5%B1%B1%E7%94%B0 HTTP/1.1
    1   0.190  0.190000  0.000000  0.190  0.190  0.190  0.190  0.190  0.190    1    0    0    0  GET /js/jquery.min.js HTTP/1.1
    1   0.180  0.180000  0.000000  0.180  0.180  0.180  0.180  0.180  0.180    1    0    0    0  GET /css/bootstrap.min.css HTTP/1.1
    1   0.179  0.179000  0.000000  0.179  0.179  0.179  0.179  0.179  0.179    1    0    0    0  GET /keyword/%E8%BF%91%E6%9D%BE%E9%96%80%E5%B7%A6%E8%A1%9B%E9%96%80 HTTP/1.1
    1   0.003  0.003000  0.000000  0.003  0.003  0.003  0.003  0.003  0.003    0    1    0    0  POST /login HTTP/1.1
    1   0.002  0.002000  0.000000  0.002  0.002  0.002  0.002  0.002  0.002    1    0    0    0  GET /login HTTP/1.1
    1   0.000  0.000000  0.000000  0.000  0.000  0.000  0.000  0.000  0.000    1    0    0    0  GET /img/star.gif HTTP/1.1
    1   0.000  0.000000  0.000000  0.000  0.000  0.000  0.000  0.000  0.000    1    0    0    0  GET /css/main.css HTTP/1.1
    1   0.000  0.000000  0.000000  0.000  0.000  0.000  0.000  0.000  0.000    1    0    0    0  GET /css/bootstrap-responsive.min.css HTTP/1.1
    1   0.000  0.000000  0.000000  0.000  0.000  0.000  0.000  0.000  0.000    1    0    0    0  GET /js/bootstrap.min.js HTTP/1.1
    1   0.000  0.000000  0.000000  0.000  0.000  0.000  0.000  0.000  0.000    1    0    0    0  GET /js/star.js HTTP/1.1

Top 20 Sort By Mean
Count   Total      Mean    Stddev    Min  P50.0  P90.0  P95.0  P99.0    Max  2xx  3xx  4xx  5xx  Request
   14  26.819  1.915643  0.511488  0.090  2.057  2.150  2.200  2.200  2.200   13    0    1    0  GET / HTTP/1.1
    4   1.123  0.280750  0.004493  0.277  0.281  0.288  0.288  0.288  0.288    4    0    0    0  POST /stars HTTP/1.1
    1   0.274  0.274000  0.000000  0.274  0.274  0.274  0.274  0.274  0.274    1    0    0    0  GET /keyword/ruby HTTP/1.1
    2   0.486  0.243000  0.003000  0.240  0.246  0.246  0.246  0.246  0.246    2    0    0    0  GET /keyword/%E3%83%88%E3%83%9E%E3%83%88 HTTP/1.1
    1   0.205  0.205000  0.000000  0.205  0.205  0.205  0.205  0.205  0.205    1    0    0    0  GET /keyword/redis HTTP/1.1
    1   0.204  0.204000  0.000000  0.204  0.204  0.204  0.204  0.204  0.204    1    0    0    0  GET /keyword/%E5%B1%B1%E7%94%B0 HTTP/1.1
    1   0.190  0.190000  0.000000  0.190  0.190  0.190  0.190  0.190  0.190    1    0    0    0  GET /js/jquery.min.js HTTP/1.1
    1   0.180  0.180000  0.000000  0.180  0.180  0.180  0.180  0.180  0.180    1    0    0    0  GET /css/bootstrap.min.css HTTP/1.1
    1   0.179  0.179000  0.000000  0.179  0.179  0.179  0.179  0.179  0.179    1    0    0    0  GET /keyword/%E8%BF%91%E6%9D%BE%E9%96%80%E5%B7%A6%E8%A1%9B%E9%96%80 HTTP/1.1
    6   0.499  0.083167  0.058405  0.018  0.096  0.165  0.165  0.165  0.165    0    4    2    0  POST /keyword HTTP/1.1
    1   0.003  0.003000  0.000000  0.003  0.003  0.003  0.003  0.003  0.003    0    1    0    0  POST /login HTTP/1.1
    1   0.002  0.002000  0.000000  0.002  0.002  0.002  0.002  0.002  0.002    1    0    0    0  GET /login HTTP/1.1
    1   0.000  0.000000  0.000000  0.000  0.000  0.000  0.000  0.000  0.000    1    0    0    0  GET /img/star.gif HTTP/1.1
    1   0.000  0.000000  0.000000  0.000  0.000  0.000  0.000  0.000  0.000    1    0    0    0  GET /css/main.css HTTP/1.1
    1   0.000  0.000000  0.000000  0.000  0.000  0.000  0.000  0.000  0.000    1    0    0    0  GET /css/bootstrap-responsive.min.css HTTP/1.1
    1   0.000  0.000000  0.000000  0.000  0.000  0.000  0.000  0.000  0.000    1    0    0    0  GET /js/bootstrap.min.js HTTP/1.1
    1   0.000  0.000000  0.000000  0.000  0.000  0.000  0.000  0.000  0.000    1    0    0    0  GET /js/star.js HTTP/1.1

Top 20 Sort By Standard Deviation
Count   Total      Mean    Stddev    Min  P50.0  P90.0  P95.0  P99.0    Max  2xx  3xx  4xx  5xx  Request
   14  26.819  1.915643  0.511488  0.090  2.057  2.150  2.200  2.200  2.200   13    0    1    0  GET / HTTP/1.1
    6   0.499  0.083167  0.058405  0.018  0.096  0.165  0.165  0.165  0.165    0    4    2    0  POST /keyword HTTP/1.1
    4   1.123  0.280750  0.004493  0.277  0.281  0.288  0.288  0.288  0.288    4    0    0    0  POST /stars HTTP/1.1
    2   0.486  0.243000  0.003000  0.240  0.246  0.246  0.246  0.246  0.246    2    0    0    0  GET /keyword/%E3%83%88%E3%83%9E%E3%83%88 HTTP/1.1
    1   0.179  0.179000  0.000000  0.179  0.179  0.179  0.179  0.179  0.179    1    0    0    0  GET /keyword/%E8%BF%91%E6%9D%BE%E9%96%80%E5%B7%A6%E8%A1%9B%E9%96%80 HTTP/1.1
    1   0.204  0.204000  0.000000  0.204  0.204  0.204  0.204  0.204  0.204    1    0    0    0  GET /keyword/%E5%B1%B1%E7%94%B0 HTTP/1.1
    1   0.190  0.190000  0.000000  0.190  0.190  0.190  0.190  0.190  0.190    1    0    0    0  GET /js/jquery.min.js HTTP/1.1
    1   0.180  0.180000  0.000000  0.180  0.180  0.180  0.180  0.180  0.180    1    0    0    0  GET /css/bootstrap.min.css HTTP/1.1
    1   0.205  0.205000  0.000000  0.205  0.205  0.205  0.205  0.205  0.205    1    0    0    0  GET /keyword/redis HTTP/1.1
    1   0.274  0.274000  0.000000  0.274  0.274  0.274  0.274  0.274  0.274    1    0    0    0  GET /keyword/ruby HTTP/1.1
    1   0.003  0.003000  0.000000  0.003  0.003  0.003  0.003  0.003  0.003    0    1    0    0  POST /login HTTP/1.1
    1   0.002  0.002000  0.000000  0.002  0.002  0.002  0.002  0.002  0.002    1    0    0    0  GET /login HTTP/1.1
    1   0.000  0.000000  0.000000  0.000  0.000  0.000  0.000  0.000  0.000    1    0    0    0  GET /img/star.gif HTTP/1.1
    1   0.000  0.000000  0.000000  0.000  0.000  0.000  0.000  0.000  0.000    1    0    0    0  GET /css/main.css HTTP/1.1
    1   0.000  0.000000  0.000000  0.000  0.000  0.000  0.000  0.000  0.000    1    0    0    0  GET /css/bootstrap-responsive.min.css HTTP/1.1
    1   0.000  0.000000  0.000000  0.000  0.000  0.000  0.000  0.000  0.000    1    0    0    0  GET /js/bootstrap.min.js HTTP/1.1
    1   0.000  0.000000  0.000000  0.000  0.000  0.000  0.000  0.000  0.000    1    0    0    0  GET /js/star.js HTTP/1.1

Top 20 Sort By Maximum(100 Percentile)
Count   Total      Mean    Stddev    Min  P50.0  P90.0  P95.0  P99.0    Max  2xx  3xx  4xx  5xx  Request
   14  26.819  1.915643  0.511488  0.090  2.057  2.150  2.200  2.200  2.200   13    0    1    0  GET / HTTP/1.1
    4   1.123  0.280750  0.004493  0.277  0.281  0.288  0.288  0.288  0.288    4    0    0    0  POST /stars HTTP/1.1
    1   0.274  0.274000  0.000000  0.274  0.274  0.274  0.274  0.274  0.274    1    0    0    0  GET /keyword/ruby HTTP/1.1
    2   0.486  0.243000  0.003000  0.240  0.246  0.246  0.246  0.246  0.246    2    0    0    0  GET /keyword/%E3%83%88%E3%83%9E%E3%83%88 HTTP/1.1
    1   0.205  0.205000  0.000000  0.205  0.205  0.205  0.205  0.205  0.205    1    0    0    0  GET /keyword/redis HTTP/1.1
    1   0.204  0.204000  0.000000  0.204  0.204  0.204  0.204  0.204  0.204    1    0    0    0  GET /keyword/%E5%B1%B1%E7%94%B0 HTTP/1.1
    1   0.190  0.190000  0.000000  0.190  0.190  0.190  0.190  0.190  0.190    1    0    0    0  GET /js/jquery.min.js HTTP/1.1
    1   0.180  0.180000  0.000000  0.180  0.180  0.180  0.180  0.180  0.180    1    0    0    0  GET /css/bootstrap.min.css HTTP/1.1
    1   0.179  0.179000  0.000000  0.179  0.179  0.179  0.179  0.179  0.179    1    0    0    0  GET /keyword/%E8%BF%91%E6%9D%BE%E9%96%80%E5%B7%A6%E8%A1%9B%E9%96%80 HTTP/1.1
    6   0.499  0.083167  0.058405  0.018  0.096  0.165  0.165  0.165  0.165    0    4    2    0  POST /keyword HTTP/1.1
    1   0.003  0.003000  0.000000  0.003  0.003  0.003  0.003  0.003  0.003    0    1    0    0  POST /login HTTP/1.1
    1   0.002  0.002000  0.000000  0.002  0.002  0.002  0.002  0.002  0.002    1    0    0    0  GET /login HTTP/1.1
    1   0.000  0.000000  0.000000  0.000  0.000  0.000  0.000  0.000  0.000    1    0    0    0  GET /img/star.gif HTTP/1.1
    1   0.000  0.000000  0.000000  0.000  0.000  0.000  0.000  0.000  0.000    1    0    0    0  GET /css/main.css HTTP/1.1
    1   0.000  0.000000  0.000000  0.000  0.000  0.000  0.000  0.000  0.000    1    0    0    0  GET /css/bootstrap-responsive.min.css HTTP/1.1
    1   0.000  0.000000  0.000000  0.000  0.000  0.000  0.000  0.000  0.000    1    0    0    0  GET /js/bootstrap.min.js HTTP/1.1
    1   0.000  0.000000  0.000000  0.000  0.000  0.000  0.000  0.000  0.000    1    0    0    0  GET /js/star.js HTTP/1.1

TOP 37 Slow Requests
 1  2.200  GET / HTTP/1.1
 2  2.150  GET / HTTP/1.1
 3  2.139  GET / HTTP/1.1
 4  2.096  GET / HTTP/1.1
 5  2.077  GET / HTTP/1.1
 6  2.057  GET / HTTP/1.1
 7  2.057  GET / HTTP/1.1
 8  2.050  GET / HTTP/1.1
 9  2.042  GET / HTTP/1.1
10  1.986  GET / HTTP/1.1
11  1.985  GET / HTTP/1.1
12  1.945  GET / HTTP/1.1
13  1.945  GET / HTTP/1.1
14  0.288  POST /stars HTTP/1.1
15  0.281  POST /stars HTTP/1.1
16  0.277  POST /stars HTTP/1.1
17  0.277  POST /stars HTTP/1.1
18  0.274  GET /keyword/ruby HTTP/1.1
19  0.246  GET /keyword/%E3%83%88%E3%83%9E%E3%83%88 HTTP/1.1
20  0.240  GET /keyword/%E3%83%88%E3%83%9E%E3%83%88 HTTP/1.1
21  0.205  GET /keyword/redis HTTP/1.1
22  0.204  GET /keyword/%E5%B1%B1%E7%94%B0 HTTP/1.1
23  0.190  GET /js/jquery.min.js HTTP/1.1
24  0.180  GET /css/bootstrap.min.css HTTP/1.1
25  0.179  GET /keyword/%E8%BF%91%E6%9D%BE%E9%96%80%E5%B7%A6%E8%A1%9B%E9%96%80 HTTP/1.1
26  0.165  POST /keyword HTTP/1.1
27  0.149  POST /keyword HTTP/1.1
28  0.096  POST /keyword HTTP/1.1
29  0.090  GET / HTTP/1.1
30  0.051  POST /keyword HTTP/1.1
31  0.020  POST /keyword HTTP/1.1
32  0.018  POST /keyword HTTP/1.1
33  0.003  POST /login HTTP/1.1
34  0.002  GET /login HTTP/1.1
35  0.000  GET /css/bootstrap-responsive.min.css HTTP/1.1
36  0.000  GET /img/star.gif HTTP/1.1
37  0.000  GET /css/main.css HTTP/1.1
