Top 20 Sort By Count
Count   Total      Mean    Stddev    Min  P50.0  P90.0  P95.0  P99.0    Max  2xx  3xx  4xx  5xx  Request
   14  25.804  1.843143  0.924881  0.004  2.299  2.468  2.617  2.617  2.617   11    0    3    0  GET / HTTP/1.1
    7   0.876  0.125143  0.115540  0.003  0.152  0.357  0.357  0.357  0.357    0    3    4    0  POST /keyword HTTP/1.1
    2   0.007  0.003500  0.001500  0.002  0.005  0.005  0.005  0.005  0.005    0    2    0    0  POST /login HTTP/1.1
    2   0.004  0.002000  0.001000  0.001  0.003  0.003  0.003  0.003  0.003    2    0    0    0  GET /login HTTP/1.1
    1   0.164  0.164000  0.000000  0.164  0.164  0.164  0.164  0.164  0.164    1    0    0    0  GET /keyword/redis HTTP/1.1
    1   0.210  0.210000  0.000000  0.210  0.210  0.210  0.210  0.210  0.210    1    0    0    0  GET /keyword/%E5%A1%A9%E7%95%91%E5%BC%98%E4%B9%8B HTTP/1.1
    1   0.193  0.193000  0.000000  0.193  0.193  0.193  0.193  0.193  0.193    1    0    0    0  GET /keyword/%E6%8A%80%E8%A1%93%E8%81%B7%E5%93%A1 HTTP/1.1
    1   0.220  0.220000  0.000000  0.220  0.220  0.220  0.220  0.220  0.220    1    0    0    0  GET /css/bootstrap.min.css HTTP/1.1
    1   0.001  0.001000  0.000000  0.001  0.001  0.001  0.001  0.001  0.001    1    0    0    0  GET /js/bootstrap.min.js HTTP/1.1
    1   0.001  0.001000  0.000000  0.001  0.001  0.001  0.001  0.001  0.001    1    0    0    0  GET /img/star.gif HTTP/1.1
    1   0.001  0.001000  0.000000  0.001  0.001  0.001  0.001  0.001  0.001    1    0    0    0  GET /css/bootstrap-responsive.min.css HTTP/1.1
    1   0.001  0.001000  0.000000  0.001  0.001  0.001  0.001  0.001  0.001    1    0    0    0  GET /css/main.css HTTP/1.1
    1   0.199  0.199000  0.000000  0.199  0.199  0.199  0.199  0.199  0.199    1    0    0    0  GET /js/jquery.min.js HTTP/1.1
    1   0.018  0.018000  0.000000  0.018  0.018  0.018  0.018  0.018  0.018    1    0    0    0  GET /js/star.js HTTP/1.1

Top 20 Sort By Total
Count   Total      Mean    Stddev    Min  P50.0  P90.0  P95.0  P99.0    Max  2xx  3xx  4xx  5xx  Request
   14  25.804  1.843143  0.924881  0.004  2.299  2.468  2.617  2.617  2.617   11    0    3    0  GET / HTTP/1.1
    7   0.876  0.125143  0.115540  0.003  0.152  0.357  0.357  0.357  0.357    0    3    4    0  POST /keyword HTTP/1.1
    1   0.220  0.220000  0.000000  0.220  0.220  0.220  0.220  0.220  0.220    1    0    0    0  GET /css/bootstrap.min.css HTTP/1.1
    1   0.210  0.210000  0.000000  0.210  0.210  0.210  0.210  0.210  0.210    1    0    0    0  GET /keyword/%E5%A1%A9%E7%95%91%E5%BC%98%E4%B9%8B HTTP/1.1
    1   0.199  0.199000  0.000000  0.199  0.199  0.199  0.199  0.199  0.199    1    0    0    0  GET /js/jquery.min.js HTTP/1.1
    1   0.193  0.193000  0.000000  0.193  0.193  0.193  0.193  0.193  0.193    1    0    0    0  GET /keyword/%E6%8A%80%E8%A1%93%E8%81%B7%E5%93%A1 HTTP/1.1
    1   0.164  0.164000  0.000000  0.164  0.164  0.164  0.164  0.164  0.164    1    0    0    0  GET /keyword/redis HTTP/1.1
    1   0.018  0.018000  0.000000  0.018  0.018  0.018  0.018  0.018  0.018    1    0    0    0  GET /js/star.js HTTP/1.1
    2   0.007  0.003500  0.001500  0.002  0.005  0.005  0.005  0.005  0.005    0    2    0    0  POST /login HTTP/1.1
    2   0.004  0.002000  0.001000  0.001  0.003  0.003  0.003  0.003  0.003    2    0    0    0  GET /login HTTP/1.1
    1   0.001  0.001000  0.000000  0.001  0.001  0.001  0.001  0.001  0.001    1    0    0    0  GET /js/bootstrap.min.js HTTP/1.1
    1   0.001  0.001000  0.000000  0.001  0.001  0.001  0.001  0.001  0.001    1    0    0    0  GET /img/star.gif HTTP/1.1
    1   0.001  0.001000  0.000000  0.001  0.001  0.001  0.001  0.001  0.001    1    0    0    0  GET /css/bootstrap-responsive.min.css HTTP/1.1
    1   0.001  0.001000  0.000000  0.001  0.001  0.001  0.001  0.001  0.001    1    0    0    0  GET /css/main.css HTTP/1.1

Top 20 Sort By Mean
Count   Total      Mean    Stddev    Min  P50.0  P90.0  P95.0  P99.0    Max  2xx  3xx  4xx  5xx  Request
   14  25.804  1.843143  0.924881  0.004  2.299  2.468  2.617  2.617  2.617   11    0    3    0  GET / HTTP/1.1
    1   0.220  0.220000  0.000000  0.220  0.220  0.220  0.220  0.220  0.220    1    0    0    0  GET /css/bootstrap.min.css HTTP/1.1
    1   0.210  0.210000  0.000000  0.210  0.210  0.210  0.210  0.210  0.210    1    0    0    0  GET /keyword/%E5%A1%A9%E7%95%91%E5%BC%98%E4%B9%8B HTTP/1.1
    1   0.199  0.199000  0.000000  0.199  0.199  0.199  0.199  0.199  0.199    1    0    0    0  GET /js/jquery.min.js HTTP/1.1
    1   0.193  0.193000  0.000000  0.193  0.193  0.193  0.193  0.193  0.193    1    0    0    0  GET /keyword/%E6%8A%80%E8%A1%93%E8%81%B7%E5%93%A1 HTTP/1.1
    1   0.164  0.164000  0.000000  0.164  0.164  0.164  0.164  0.164  0.164    1    0    0    0  GET /keyword/redis HTTP/1.1
    7   0.876  0.125143  0.115540  0.003  0.152  0.357  0.357  0.357  0.357    0    3    4    0  POST /keyword HTTP/1.1
    1   0.018  0.018000  0.000000  0.018  0.018  0.018  0.018  0.018  0.018    1    0    0    0  GET /js/star.js HTTP/1.1
    2   0.007  0.003500  0.001500  0.002  0.005  0.005  0.005  0.005  0.005    0    2    0    0  POST /login HTTP/1.1
    2   0.004  0.002000  0.001000  0.001  0.003  0.003  0.003  0.003  0.003    2    0    0    0  GET /login HTTP/1.1
    1   0.001  0.001000  0.000000  0.001  0.001  0.001  0.001  0.001  0.001    1    0    0    0  GET /js/bootstrap.min.js HTTP/1.1
    1   0.001  0.001000  0.000000  0.001  0.001  0.001  0.001  0.001  0.001    1    0    0    0  GET /img/star.gif HTTP/1.1
    1   0.001  0.001000  0.000000  0.001  0.001  0.001  0.001  0.001  0.001    1    0    0    0  GET /css/bootstrap-responsive.min.css HTTP/1.1
    1   0.001  0.001000  0.000000  0.001  0.001  0.001  0.001  0.001  0.001    1    0    0    0  GET /css/main.css HTTP/1.1

Top 20 Sort By Standard Deviation
Count   Total      Mean    Stddev    Min  P50.0  P90.0  P95.0  P99.0    Max  2xx  3xx  4xx  5xx  Request
   14  25.804  1.843143  0.924881  0.004  2.299  2.468  2.617  2.617  2.617   11    0    3    0  GET / HTTP/1.1
    7   0.876  0.125143  0.115540  0.003  0.152  0.357  0.357  0.357  0.357    0    3    4    0  POST /keyword HTTP/1.1
    2   0.007  0.003500  0.001500  0.002  0.005  0.005  0.005  0.005  0.005    0    2    0    0  POST /login HTTP/1.1
    2   0.004  0.002000  0.001000  0.001  0.003  0.003  0.003  0.003  0.003    2    0    0    0  GET /login HTTP/1.1
    1   0.018  0.018000  0.000000  0.018  0.018  0.018  0.018  0.018  0.018    1    0    0    0  GET /js/star.js HTTP/1.1
    1   0.164  0.164000  0.000000  0.164  0.164  0.164  0.164  0.164  0.164    1    0    0    0  GET /keyword/redis HTTP/1.1
    1   0.193  0.193000  0.000000  0.193  0.193  0.193  0.193  0.193  0.193    1    0    0    0  GET /keyword/%E6%8A%80%E8%A1%93%E8%81%B7%E5%93%A1 HTTP/1.1
    1   0.199  0.199000  0.000000  0.199  0.199  0.199  0.199  0.199  0.199    1    0    0    0  GET /js/jquery.min.js HTTP/1.1
    1   0.210  0.210000  0.000000  0.210  0.210  0.210  0.210  0.210  0.210    1    0    0    0  GET /keyword/%E5%A1%A9%E7%95%91%E5%BC%98%E4%B9%8B HTTP/1.1
    1   0.220  0.220000  0.000000  0.220  0.220  0.220  0.220  0.220  0.220    1    0    0    0  GET /css/bootstrap.min.css HTTP/1.1
    1   0.001  0.001000  0.000000  0.001  0.001  0.001  0.001  0.001  0.001    1    0    0    0  GET /js/bootstrap.min.js HTTP/1.1
    1   0.001  0.001000  0.000000  0.001  0.001  0.001  0.001  0.001  0.001    1    0    0    0  GET /img/star.gif HTTP/1.1
    1   0.001  0.001000  0.000000  0.001  0.001  0.001  0.001  0.001  0.001    1    0    0    0  GET /css/bootstrap-responsive.min.css HTTP/1.1
    1   0.001  0.001000  0.000000  0.001  0.001  0.001  0.001  0.001  0.001    1    0    0    0  GET /css/main.css HTTP/1.1

Top 20 Sort By Maximum(100 Percentile)
Count   Total      Mean    Stddev    Min  P50.0  P90.0  P95.0  P99.0    Max  2xx  3xx  4xx  5xx  Request
   14  25.804  1.843143  0.924881  0.004  2.299  2.468  2.617  2.617  2.617   11    0    3    0  GET / HTTP/1.1
    7   0.876  0.125143  0.115540  0.003  0.152  0.357  0.357  0.357  0.357    0    3    4    0  POST /keyword HTTP/1.1
    1   0.220  0.220000  0.000000  0.220  0.220  0.220  0.220  0.220  0.220    1    0    0    0  GET /css/bootstrap.min.css HTTP/1.1
    1   0.210  0.210000  0.000000  0.210  0.210  0.210  0.210  0.210  0.210    1    0    0    0  GET /keyword/%E5%A1%A9%E7%95%91%E5%BC%98%E4%B9%8B HTTP/1.1
    1   0.199  0.199000  0.000000  0.199  0.199  0.199  0.199  0.199  0.199    1    0    0    0  GET /js/jquery.min.js HTTP/1.1
    1   0.193  0.193000  0.000000  0.193  0.193  0.193  0.193  0.193  0.193    1    0    0    0  GET /keyword/%E6%8A%80%E8%A1%93%E8%81%B7%E5%93%A1 HTTP/1.1
    1   0.164  0.164000  0.000000  0.164  0.164  0.164  0.164  0.164  0.164    1    0    0    0  GET /keyword/redis HTTP/1.1
    1   0.018  0.018000  0.000000  0.018  0.018  0.018  0.018  0.018  0.018    1    0    0    0  GET /js/star.js HTTP/1.1
    2   0.007  0.003500  0.001500  0.002  0.005  0.005  0.005  0.005  0.005    0    2    0    0  POST /login HTTP/1.1
    2   0.004  0.002000  0.001000  0.001  0.003  0.003  0.003  0.003  0.003    2    0    0    0  GET /login HTTP/1.1
    1   0.001  0.001000  0.000000  0.001  0.001  0.001  0.001  0.001  0.001    1    0    0    0  GET /js/bootstrap.min.js HTTP/1.1
    1   0.001  0.001000  0.000000  0.001  0.001  0.001  0.001  0.001  0.001    1    0    0    0  GET /img/star.gif HTTP/1.1
    1   0.001  0.001000  0.000000  0.001  0.001  0.001  0.001  0.001  0.001    1    0    0    0  GET /css/bootstrap-responsive.min.css HTTP/1.1
    1   0.001  0.001000  0.000000  0.001  0.001  0.001  0.001  0.001  0.001    1    0    0    0  GET /css/main.css HTTP/1.1

TOP 35 Slow Requests
 1  2.617  GET / HTTP/1.1
 2  2.468  GET / HTTP/1.1
 3  2.403  GET / HTTP/1.1
 4  2.387  GET / HTTP/1.1
 5  2.358  GET / HTTP/1.1
 6  2.325  GET / HTTP/1.1
 7  2.299  GET / HTTP/1.1
 8  2.285  GET / HTTP/1.1
 9  2.209  GET / HTTP/1.1
10  2.145  GET / HTTP/1.1
11  2.033  GET / HTTP/1.1
12  0.357  POST /keyword HTTP/1.1
13  0.220  GET /css/bootstrap.min.css HTTP/1.1
14  0.210  GET /keyword/%E5%A1%A9%E7%95%91%E5%BC%98%E4%B9%8B HTTP/1.1
15  0.199  GET /js/jquery.min.js HTTP/1.1
16  0.193  GET /keyword/%E6%8A%80%E8%A1%93%E8%81%B7%E5%93%A1 HTTP/1.1
17  0.164  GET /keyword/redis HTTP/1.1
18  0.164  POST /keyword HTTP/1.1
19  0.161  GET / HTTP/1.1
20  0.157  POST /keyword HTTP/1.1
21  0.152  POST /keyword HTTP/1.1
22  0.110  GET / HTTP/1.1
23  0.026  POST /keyword HTTP/1.1
24  0.018  GET /js/star.js HTTP/1.1
25  0.017  POST /keyword HTTP/1.1
26  0.005  POST /login HTTP/1.1
27  0.004  GET / HTTP/1.1
28  0.003  POST /keyword HTTP/1.1
29  0.003  GET /login HTTP/1.1
30  0.002  POST /login HTTP/1.1
31  0.001  GET /css/main.css HTTP/1.1
32  0.001  GET /css/bootstrap-responsive.min.css HTTP/1.1
33  0.001  GET /login HTTP/1.1
34  0.001  GET /js/bootstrap.min.js HTTP/1.1
35  0.001  GET /img/star.gif HTTP/1.1
